TARGET_LATITUDE=52.377444
TARGET_LONGITUDE=4.910861
